primera query:
FECHA_SNAPSHOT,"FECHA_SNAPSHOT_ANT","DIAS_INTERVALO","DIA_SEMANA","DIA_MES","MES","ANIO","DIAS_PARA_FIN_MES","ES_FIN_MES","INCLUYE_FIN_SEMANA","STOCK_INICIAL","STOCK_FINAL","VARIACION_STOCK","DESEMBOLSOS_INTERVALO","OPERACIONES_DESEMBOLSO","CLIENTES_DESEMBOLSO","DESEMBOLSOS_BIG","DESEMBOLSOS_SMALL","OPERACIONES_BIG","OPERACIONES_SMALL","TICKET_PROMEDIO","TASA_DESEMBOLSO","MOVIMIENTO_RESIDUAL","MOVIMIENTO_RESIDUAL_NEGATIVO","MOVIMIENTO_RESIDUAL_POSITIVO","STOCK_CALCULADO","ERROR_RECONCILIACION","CLIENTES_INICIAL","CLIENTES_FINAL","VARIACION_CLIENTES","CREDITOS_INICIAL","CREDITOS_FINAL","VARIACION_CREDITOS","TASA_STOCK_INICIAL","TASA_STOCK_FINAL"
14/05/26,13/05/26,1,"JUE",14,5,2026,17,0,0,3347614581,25,3355693425,69,8078844,44,20433736,469,469,1981566,18452170,9,460,43568,73,0,15761495,-12354891,56,-12354891,56,0,3355693425,69,0,133645,134001,356,139876,140388,512,0,17485673,0,17485525
15/05/26,14/05/26,1,"VIE",15,5,2026,16,0,0,3355693425,69,3362654743,6961317,31,20991749,473,473,1705998,19285751,7,466,44380,02,0,15726797,-14030431,69,-14030431,69,0,3362654743,0,134001,134333,332,140388,140910,522,0,17485525,0,17484848
18/05/26,15/05/26,3,"LUN",18,5,2026,13,0,1,3362654743,3360150600,92,-2504142,08,25024299,717,717,1092189,23932110,5,712,34901,39,0,17375983,-27528441,08,-27528441,08,0,3360150600,92,0,134333,134882,549,140910,142344,1434,0,17484848,0,17483664
19/05/26,18/05/26,1,"MAR",19,5,2026,12,0,0,3360150600,92,3351296175,5,-8854425,42,16372879,430,430,1326146,15046733,6,424,38076,46,0,1686304,-25227304,42,-25227304,42,0,3351296175,5,0,134882,135208,326,142344,142836,492,0,17483664,0,17466991
20/05/26,19/05/26,1,"MIÉ",20,5,2026,11,0,0,3351296175,5,3357189274,06,5893098,56,14890563,401,401,462851,14427712,2,399,37133,57,0,16889124,-8997464,44,-8997464,44,0,3357189274,06,0,135208,135514,306,142836,143310,474,0,17466991,0,17462369
21/05/26,20/05/26,1,"JUE",21,5,2026,10,0,0,3357189274,06,3365182529,03,7993254,97,17850323,397,397,2271305,15579018,10,387,44963,03,0,15104448,-9857068,03,-9857068,03,0,3365182529,03,0,135514,135832,318,143310,143780,470,0,17462369,0,17452075
22/05/26,21/05/26,1,"VIE",22,5,2026,9,0,0,3365182529,03,3371974534,48,6792005,45,17496099,3,380,380,2183873,15312226,3,10,370,46042,37,0,15166587,-10704093,85,-10704093,85,0,3371974534,48,0,135832,136125,293,143780,144235,455,0,17452075,0,17442055
25/05/26,22/05/26,3,"LUN",25,5,2026,6,0,1,3371974534,48,3381513719,18,9539184,7,24198826,677,677,1219410,22979416,5,672,35744,2,0,16366026,-14659641,3,-14659641,3,0,3381513719,18,0,136125,136658,533,144235,144983,748,0,17442055,0,17440524
26/05/26,25/05/26,1,"MAR",26,5,2026,5,0,0,3381513719,18,3390456681,53,8942962,35,17481039,396,396,1429664,16051375,6,390,44144,04,0,16373283,-8538076,65,-8538076,65,0,3390456681,53,0,136658,136971,313,144983,145459,476,0,17440524,0,17436311
27/05/26,26/05/26,1,"MIÉ",27,5,2026,4,0,0,3390456681,53,3397426008,63,6969327,1,17440142,399,399,473184,16966958,2,397,43709,63,0,1548863,-10470814,9,-10470814,9,0,3397426008,63,0,136971,137262,291,145459,145924,465,0,17436311,0,17425597
28/05/26,27/05/26,1,"JUE",28,5,2026,3,0,0,3397426008,63,3405411561,16,7985552,53,19122778,31,398,398,1451812,17670966,31,6,392,48047,18,0,15422945,-11137225,78,-11137225,78,0,3405411561,16,0,137262,137567,305,145924,146376,452,0,17425597,0,17414978
29/05/26,28/05/26,1,"VIE",29,5,2026,2,0,0,3405411561,16,3418524360,77,13112799,61,28528969,5,505,505,4931995,5,23596974,18,487,56493,01,0,15121954,-15416169,89,-15416169,89,0,3418524360,77,0,137567,137955,388,146376,146968,592,0,17414978,0,17396515
01/06/26,29/05/26,3,"LUN",1,6,2026,29,0,1,3418524360,77,3416918263,79,-1606096,98,25976651,2,797,797,1071435,24905216,2,5,792,32593,04,0,17219187,-27582748,18,-27582748,18,0,3416918263,79,0,137955,131760,-6195,146968,134004,-12964,0,17396515,0,17385554
02/06/26,01/06/26,1,"MAR",2,6,2026,28,0,0,3416918263,79,3406567647,64,-10350616,15,13386521,356,356,876401,12510120,4,352,37602,59,0,16368406,-23737137,15,-23737137,15,0,3406567647,64,0,131760,132027,267,134004,136377,2373,0,17385554,0,17375018
03/06/26,02/06/26,1,"MIÉ",3,6,2026,27,0,0,3406567647,64,3406449330,01,-118317,63,10268194,01,310,310,460975,9807219,01,2,308,33123,21,0,16816017,-10386511,64,-10386511,64,0,3406449330,01,0,132027,132280,253,136377,137097,720,0,17375018,0,17367277
04/06/26,03/06/26,1,"JUE",4,6,2026,26,0,0,3406449330,01,3408325517,97,1876187,96,12091266,02,309,309,1151251,49,10940014,53,5,304,39130,31,0,1592436,-10215078,06,-10215078,06,0,3408325517,97,0,132280,132526,246,137097,137497,400,0,17367277,0,17357899
05/06/26,04/06/26,1,"VIE",5,6,2026,25,0,0,3408325517,97,3414597109,65,6271591,68,16626287,418,418,900000,15726287,2,416,39775,81,0,15467199,-10354695,32,-10354695,32,0,3414597109,65,0,132526,132873,347,137497,137990,493,0,17357899,0,17349065
08/06/26,05/06/26,3,"LUN",8,6,2026,22,0,1,3414597109,65,3419826564,36,5229454,71,19416445,650,650,763723,18652722,3,647,29871,45,0,17297147,-14186990,29,-14186990,29,0,3419826564,36,0,132873,133421,548,137990,138737,747,0,17349065,0,17346431
09/06/26,08/06/26,1,"MAR",9,6,2026,21,0,0,3419826564,36,3421247565,08,1421000,72,9174228,289,289,407193,8767035,2,287,31744,73,0,16552277,-7753227,28,-7753227,28,0,3421247565,08,0,133421,133666,245,138737,139112,375,0,17346431,0,17339426
10/06/26,09/06/26,1,"MIÉ",10,6,2026,20,0,0,3421247565,08,3426943363,08,5695798,12429111,324,324,1254029,11175082,5,319,38361,45,0,15732705,-6733313,-6733313,0,3426943363,08,0,133666,133936,270,139112,139509,397,0,17339426,0,1733295
11/06/26,10/06/26,1,"JUE",11,6,2026,19,0,0,3426943363,08,3435134287,42,8190924,34,15401069,381,381,1121440,14279629,5,376,40422,75,0,16072501,-7210144,66,-7210144,66,0,3435134287,42,0,133936,134239,303,139509,139950,441,0,1733295,0,17328571
12/06/26,11/06/26,1,"VIE",12,6,2026,18,0,0,3435134287,42,3445973077,18,10838789,76,19584938,467,467,1340152,18244786,6,461,41937,77,0,14974317,-8746148,24,-8746148,24,0,3445973077,18,0,134239,134613,374,139950,140475,525,0,17328571,0,17322803
15/06/26,12/06/26,3,"LUN",15,6,2026,15,0,1,3445973077,18,3457924219,71,11951142,53,29740663,856,856,2709446,27031217,9,847,34743,77,0,16260714,-17789520,47,-17789520,47,0,3457924219,71,0,134613,135289,676,140475,141387,912,0,17322803,0,17320532
16/06/26,15/06/26,1,"MAR",16,6,2026,14,0,0,3457924219,71,3462264706,38,4340486,67,17689777,416,416,1897585,15792192,8,408,42523,5,0,15082598,-13349290,33,-13349290,33,0,3462264706,38,0,135289,135605,316,141387,141872,485,0,17320532,0,17314618
17/06/26,16/06/26,1,"MIÉ",17,6,2026,13,0,0,3462264706,38,3461335911,78,-928794,6,13427386,343,343,1648058,11779328,7,336,39146,9,0,1511711,-14356180,6,-14356180,6,0,3461335911,78,0,135605,135863,258,141872,142948,1076,0,17314618,0,17302307
18/06/26,17/06/26,1,"JUE",18,6,2026,12,0,0,3461335911,78,3465250736,23,3914824,45,13159185,330,330,1361459,11797726,4,326,39876,32,0,1530074,-9244360,55,-9244360,55,0,3465250736,23,0,135863,136131,268,142948,143367,419,0,17302307,0,1729116
19/06/26,18/06/26,1,"VIE",19,6,2026,11,0,0,3465250736,23,3470238570,98,4987834,75,14281486,344,344,695756,13585730,3,341,41515,95,0,14643325,-9293651,25,-9293651,25,0,3470238570,98,0,136131,136406,275,143367,143794,427,0,1729116,0,1728056
22/06/26,19/06/26,3,"LUN",22,6,2026,8,0,1,3470238570,98,3478879030,91,8640459,93,20356425,667,667,893034,19463391,4,663,30519,38,0,1601505,-11715965,07,-11715965,07,0,3478879030,91,0,136406,136960,554,143794,144543,749,0,1728056,0,17271081
23/06/26,22/06/26,1,"MAR",23,6,2026,7,0,0,3478879030,91,3470559256,74,-8319774,17,13833105,47,297,297,933076,12900029,47,4,293,46576,11,0,14574166,-22152879,64,-22152879,64,0,3470559256,74,0,136960,137182,222,144543,144917,374,0,17271081,0,17244362
24/06/26,23/06/26,1,"MIÉ",24,6,2026,6,0,0,3470559256,74,3476053427,5,5494170,76,13632700,308,308,952572,12680128,4,304,44262,01,0,14708458,-8138529,24,-8138529,24,0,3476053427,5,0,137182,137402,220,144917,145270,353,0,17244362,0,17237227
25/06/26,24/06/26,1,"JUE",25,6,2026,5,0,0,3476053427,5,3480914847,16,4861419,66,13550640,296,296,1738284,11812356,7,289,45779,19,0,14507702,-8689220,34,-8689220,34,0,3480914847,16,0,137402,137633,231,145270,145641,371,0,17237227,0,17228767
26/06/26,25/06/26,1,"VIE",26,6,2026,4,0,0,3480914847,16,3483406557,75,2491710,59,12442068,2,315,315,226100,12215968,2,1,314,39498,63,0,1564689,-9950357,61,-9950357,61,0,3483406557,75,0,137633,137890,257,145641,146035,394,0,17228767,0,1722289
30/06/26,26/06/26,4,"MAR",30,6,2026,0,1,1,3483406557,75,3517310752,33904194,25,45096183,39,1275,1274,3740149,41356034,39,15,1260,35369,56,0,17410913,-11191989,14,-11191989,14,0,3517310752,0,137890,138879,989,146035,147349,1314,0,1722289,0,17192479
01/07/26,30/06/26,1,"MIÉ",1,7,2026,30,0,0,3517310752,3502007903,79,-15302848,21,18007167,429,429,1202956,16804211,5,424,41974,75,0,16614877,-33310015,21,-33310015,21,0,3502007903,79,0,138879,133336,-5543,147349,136388,-10961,0,17192479,0,17229759
02/07/26,01/07/26,1,"JUE",2,7,2026,29,0,0,3502007903,79,3497416082,64,-4591821,15,18219474,34,500,500,465040,17754434,34,2,498,36438,95,0,17556335,-22811295,49,-22811295,49,0,3497416082,64,0,133336,133752,416,136388,137283,895,0,17229759,0,17224403
03/07/26,02/07/26,1,"VIE",3,7,2026,28,0,0,3497416082,64,3503505464,97,6089382,33,18950782,480,480,864169,18086613,4,476,39480,8,0,16063074,-12861399,67,-12861399,67,0,3503505464,97,0,133752,134140,388,137283,139759,2476,0,17224403,0,17216651
06/07/26,03/07/26,3,"LUN",6,7,2026,25,0,1,3503505464,97,3511004969,87,7499504,9,27376475,62,857,856,1830763,25545712,62,8,849,31944,55,0,18175218,-19876970,72,-19876970,72,0,3511004969,87,0,134140,134863,723,139759,140711,952,0,17216651,0,17220892
07/07/26,06/07/26,1,"MAR",7,7,2026,24,0,0,3511004969,87,3515667364,4,4662394,53,15259642,75,400,400,1404523,13855119,75,6,394,38149,11,0,16701127,-10597248,22,-10597248,22,0,3515667364,4,0,134863,135204,341,140711,141164,453,0,17220892,0,17218629
08/07/26,07/07/26,1,"MIÉ",8,7,2026,23,0,0,3515667364,4,3522778089,3,7110724,9,16899540,411,411,1601610,15297930,5,406,41118,1,0,16018587,-9788815,1,-9788815,1,0,3522778089,3,0,135204,135547,343,141164,141648,484,0,17218629,0,17216796
09/07/26,08/07/26,1,"JUE",9,7,2026,22,0,0,3522778089,3,3530040332,61,7262243,31,15616992,348,348,947044,14669948,4,344,44876,41,0,15300835,-8354748,69,-8354748,69,0,3530040332,61,0,135547,135830,283,141648,142045,397,0,17216796,0,17213185
10/07/26,09/07/26,1,"VIE",10,7,2026,21,0,0,3530040332,61,3537663024,79,7622692,18,15801376,382,382,1043163,14758213,4,378,41364,86,0,15639407,-8178683,82,-8178683,82,0,3537663024,79,0,135830,136156,326,142045,142520,475,0,17213185,0,17200284
13/07/26,10/07/26,3,"LUN",13,7,2026,18,0,1,3537663024,79,3546328696,46,8665671,67,24360237,685,685,2205059,22155178,10,675,35562,39,0,16814227,-15694565,33,-15694565,33,0,3546328696,46,0,136156,136736,580,142520,143298,778,0,17200284,0,17201053
14/07/26,13/07/26,1,"MAR",14,7,2026,17,0,0,3546328696,46,3558665971,16,12337274,7,23366056,565,564,2243647,21122409,10,555,41355,85,0,1666279,-11028781,3,-11028781,3,0,3558665971,16,0,136736,137193,457,143298,143946,648,0,17201053,0,17197872
15/07/26,14/07/26,1,"MIÉ",15,7,2026,16,0,0,3558665971,16,3565813164,09,7147192,93,22240147,66,524,523,2043092,20197055,66,9,515,42443,03,0,16342393,-15092954,73,-15092954,73,0,3565813164,09,0,137193,137597,404,143946,144540,594,0,17197872,0,17194416
16/07/26,15/07/26,1,"JUE",16,7,2026,15,0,0,3565813164,09,3570582369,42,4769205,33,18173291,42,501,501,1365656,16807635,42,5,496,36274,03,0,17760859,-13404086,09,-13404086,09,0,3570582369,42,0,137597,138007,410,144540,145102,562,0,17194416,0,17195367
17/07/26,16/07/26,1,"VIE",17,7,2026,14,0,0,3570582369,42,3572119715,47,1537346,05,17458196,464,464,745552,16712644,3,461,37625,42,0,17395707,-15920849,95,-15920849,95,0,3572119715,47,0,138007,138387,380,145102,145637,535,0,17195367,0,17195327
20/07/26,17/07/26,3,"LUN",20,7,2026,11,0,1,3572119715,47,3586247813,85,14128098,38,30428984,844,844,600454,29828530,3,841,36053,3,0,18001963,-16300885,62,-16300885,62,0,3586247813,85,0,138387,139089,702,145637,147233,1596,0,17195327,0,17198893
21/07/26,20/07/26,1,"MAR",21,7,2026,10,0,0,3586247813,85,3578835206,-7412607,85,17162009,57,450,450,1343895,15818114,57,6,444,38137,8,0,1752707,-24574617,42,-24574617,42,0,3578835206,0,139089,139469,380,147233,147783,550,0,17198893,0,17179025
22/07/26,21/07/26,1,"MIÉ",22,7,2026,9,0,0,3578835206,3588172975,47,9337769,47,16724771,36,420,420,256000,16468771,36,1,419,39820,88,0,18036014,-7387001,89,-7387001,89,0,3588172975,47,0,139469,139817,348,147783,148271,488,0,17179025,0,1718051
24/07/26,22/07/26,2,"VIE",24,7,2026,7,0,1,3588172975,47,3600912412,68,12739437,21,26183271,723,723,1669967,24513304,7,716,36214,76,0,17582191,-13443833,79,-13443833,79,0,3600912412,68,0,139817,140421,604,148271,149094,823,0,1718051,0,17180837
30/07/26,24/07/26,6,"JUE",30,7,2026,1,0,1,3600912412,68,3625432148,34,24519735,66,55617048,1707,1707,7751963,47865085,18,1689,32581,75,0,1804724,-31097312,34,-31097312,34,0,3625432148,34,0,140421,141870,1449,149094,150943,1849,0,17180837,0,17196377
31/07/26,30/07/26,1,"VIE",31,7,2026,0,1,0,3625432148,34,3649397014,08,23964865,74,21600387,84,585,585,1791103,19809284,84,7,578,36923,74,0,1806035,2364477,9,0,2364477,9,3649397014,08,0,141870,142324,454,150943,151991,1048,0,17196377,0,17145979
03/08/26,31/07/26,3,"LUN",3,8,2026,28,0,1,3649397014,08,3618781659,14,-30615354,94,25402637,929,929,0,25402637,0,929,27344,07,0,1995595,-56017991,94,-56017991,94,0,3618781659,14,0,142324,136867,-5457,151991,141681,-10310,0,17145979,0,17212692
04/08/26,03/08/26,1,"MAR",4,8,2026,27,0,0,3618781659,14,3619260351,46,478692,32,17408687,457,457,837682,16571005,4,453,38093,41,0,1773052,-16929994,68,-16929994,68,0,3619260351,46,0,136867,137238,371,141681,142270,589,0,17212692,0,17208031
05/08/26,04/08/26,1,"MIÉ",5,8,2026,26,0,0,3619260351,46,3631167192,75,11906841,29,22154367,543,543,921965,21232402,4,539,40799,94,0,17038073,-10247525,71,-10247525,71,0,3631167192,75,0,137238,137701,463,142270,142897,627,0,17208031,0,17203164
07/08/26,05/08/26,2,"VIE",7,8,2026,24,0,1,3631167192,75,3648765735,51,17598542,76,28201895,795,795,446400,27755495,2,793,35474,08,0,17609719,-10603352,24,-10603352,24,0,3648765735,51,0,137701,138421,720,142897,143782,885,0,17203164,0,17207157
10/08/26,07/08/26,3,"LUN",10,8,2026,21,0,1,3648765735,51,3672116185,82,23350450,31,37429027,1113,1112,2091088,35337939,7,1106,33628,96,0,17453871,-14078576,69,-14078576,69,0,3672116185,82,0,138421,139418,997,143782,144989,1207,0,17207157,0,17214175
11/08/26,10/08/26,1,"MAR",11,8,2026,20,0,0,3672116185,82,3686338599,61,14222413,79,22824594,558,558,1089400,21735194,5,553,40904,29,0,15847741,-8602180,21,-8602180,21,0,3686338599,61,0,139418,139929,511,144989,145638,649,0,17214175,0,172056
12/08/26,11/08/26,1,"MIÉ",12,8,2026,19,0,0,3686338599,61,3699576324,1,13237724,49,22406442,549,549,1798020,20608422,5,544,40813,19,0,16252669,-9168717,51,-9168717,51,0,3699576324,1,0,139929,140411,482,145638,146263,625,0,172056,0,17206199
13/08/26,12/08/26,1,"JUE",13,8,2026,18,0,0,3699576324,1,3712094310,72,12517986,62,22226420,583,583,708806,21517614,3,580,38124,22,0,1608499,-9708433,38,-9708433,38,0,3712094310,72,0,140411,140940,529,146263,146925,662,0,17206199,0,17205498
14/08/26,13/08/26,1,"VIE",14,8,2026,17,0,0,3712094310,72,3721264024,78,9169714,06,22146154,727,727,681980,21464174,3,724,30462,39,0,17627465,-12976439,94,-12976439,94,0,3721264024,78,0,140940,141542,602,146925,148129,1204,0,17205498,0,17215111
17/08/26,14/08/26,3,"LUN",17,8,2026,14,0,1,3721264024,78,3731400441,97,10136417,19,39997461,1654,1654,1163937,38833524,5,1649,24182,26,0,19861996,-29861043,81,-29861043,81,0,3731400441,97,0,141542,142933,1391,148129,150645,2516,0,17215111,0,17241963
18/08/26,17/08/26,1,"MAR",18,8,2026,13,0,0,3731400441,97,3740305296,47,8904854,5,20197998,686,686,1868054,18329944,8,678,29443,15,0,19415324,-11293143,5,-11293143,5,0,3740305296,47,0,142933,143510,577,150645,151412,767,0,17241963,0,17247811
19/08/26,18/08/26,1,"MIÉ",19,8,2026,12,0,0,3740305296,47,3750975125,23,10669828,76,21486800,660,660,472297,21014503,2,658,32555,76,0,17648787,-10816971,24,-10816971,24,0,3750975125,23,0,143510,144066,556,151412,152154,742,0,17247811,0,17247258
20/08/26,19/08/26,1,"JUE",20,8,2026,11,0,0,3750975125,23,3760520024,03,9544898,8,17788177,615,615,856538,16931639,4,611,28923,87,0,18147746,-8243278,2,-8243278,2,0,3760520024,03,0,144066,144581,515,152154,152842,688,0,17247258,0,17251027
21/08/26,20/08/26,1,"VIE",21,8,2026,10,0,0,3760520024,03,3769331808,97,8811784,94,20672229,646,646,2007651,18664578,9,637,32000,35,0,17519227,-11860444,06,-11860444,06,0,3769331808,97,0,144581,145137,556,152842,153683,841,0,17251027,0,17252832
24/08/26,21/08/26,3,"LUN",24,8,2026,7,0,1,3769331808,97,3780242268,27,10910459,3,25283462,1090,1090,701229,24582233,3,1087,23195,84,0,19761963,-14373002,7,-14373002,7,0,3780242268,27,0,145137,146091,954,153683,154866,1183,0,17252832,0,17268051
25/08/26,24/08/26,1,"MAR",25,8,2026,6,0,0,3780242268,27,3771602859,8,-8639408,47,16610392,554,554,606417,16003975,3,551,29982,66,0,18030255,-25249800,47,-25249800,47,0,3771602859,8,0,146091,146551,460,154866,155490,624,0,17268051,0,17248075
26/08/26,25/08/26,1,"MIÉ",26,8,2026,5,0,0,3771602859,8,3778503367,17,6900507,37,18990834,598,598,441514,18549320,2,596,31757,25,0,18011533,-12090326,63,-12090326,63,0,3778503367,17,0,146551,147024,473,155490,156177,687,0,17248075,0,17248631
27/08/26,26/08/26,1,"JUE",27,8,2026,4,0,0,3778503367,17,3788917030,03,10413662,86,21839356,588,588,1510579,20328777,6,582,37141,76,0,17116077,-11425693,14,-11425693,14,0,3788917030,03,0,147024,147491,467,156177,156865,688,0,17248631,0,17245961
28/08/26,27/08/26,1,"VIE",28,8,2026,3,0,0,3788917030,03,3797308842,09,8391812,06,24001261,604,604,3046444,20954817,11,593,39737,19,0,16157521,-15609448,94,-15609448,94,0,3797308842,09,0,147491,147943,452,156865,157637,772,0,17245961,0,17246774
31/08/26,28/08/26,3,"LUN",31,8,2026,0,1,1,3797308842,09,3830483848,85,33175006,76,37672059,1311,1311,3035543,34636516,13,1298,28735,36,0,18729971,-4497052,24,-4497052,24,0,3830483848,85,0,147943,149034,1091,157637,159053,1416,0,17246774,0,17202619
01/09/26,31/08/26,1,"MAR",1,9,2026,29,0,0,3830483848,85,3805779010,17,-24704838,68,18294683,579,579,958930,17335753,4,575,31597,03,0,16676118,-42999521,68,-42999521,68,0,3805779010,17,0,149034,142318,-6716,159053,144594,-14459,0,17202619,0,17257291
02/09/26,01/09/26,1,"MIÉ",2,9,2026,28,0,0,3805779010,17,3799061208,07,-6717802,1,17854151,4,504,504,1583158,16270993,4,7,497,35424,9,0,17272687,-24571953,5,-24571953,5,0,3799061208,07,0,142318,142715,397,144594,146791,2197,0,17257291,0,17255824
03/09/26,02/09/26,1,"JUE",3,9,2026,27,0,0,3799061208,07,3799308626,66,247418,59,15007004,62,436,436,868990,14138014,62,4,432,34419,74,0,16686706,-14759586,03,-14759586,03,0,3799308626,66,0,142715,143073,358,146791,147304,513,0,17255824,0,17253364
04/09/26,03/09/26,1,"VIE",4,9,2026,26,0,0,3799308626,66,3800028806,05,720179,39,14019028,463,463,897235,13121793,4,459,30278,68,0,17409017,-13298848,61,-13298848,61,0,3800028806,05,0,143073,143448,375,147304,147818,514,0,17253364,0,17250209
07/09/26,04/09/26,3,"LUN",7,9,2026,23,0,1,3800028806,05,3811045524,62,11016718,57,26964668,27,1029,1029,1501089,25463579,27,6,1023,26204,73,0,17913372,-15947949,7,-15947949,7,0,3811045524,62,0,143448,144321,873,147818,148924,1106,0,17250209,0,17252933
08/09/26,07/09/26,1,"MAR",8,9,2026,22,0,0,3811045524,62,3814637759,52,3592234,9,14452266,456,456,1377260,13075006,6,450,31693,57,0,17558178,-10860031,1,-10860031,1,0,3814637759,52,0,144321,144701,380,148924,149459,535,0,17252933,0,17249632
09/09/26,08/09/26,1,"MIÉ",9,9,2026,21,0,0,3814637759,52,3818315737,07,3677977,55,14845462,8,401,401,1528146,13317316,8,7,394,37021,1,0,16288163,-11167485,25,-11167485,25,0,3818315737,07,0,144701,145018,317,149459,150624,1165,0,17249632,0,17247316
10/09/26,09/09/26,1,"JUE",10,9,2026,20,0,0,3818315737,07,3821827495,3511757,93,12794344,8,390,390,541154,8,12253190,2,388,32806,01,0,16812035,-9282586,87,-9282586,87,0,3821827495,0,145018,145330,312,150624,151100,476,0,17247316,0,17244483
11/09/26,10/09/26,1,"VIE",11,9,2026,19,0,0,3821827495,3828985085,93,7157590,93,17175111,441,441,2092410,15082701,9,432,38945,83,0,16926374,-10017520,07,-10017520,07,0,3828985085,93,0,145330,145684,354,151100,151610,510,0,17244483,0,1723863
14/09/26,11/09/26,3,"LUN",14,9,2026,16,0,1,3828985085,93,3842640608,2,13655522,27,32091272,53,1090,1090,3192242,41,28899030,12,13,1077,29441,53,0,1815264,-18435750,26,-18435750,26,0,3842640608,2,0,145684,146553,869,151610,152791,1181,0,1723863,0,1724574
15/09/26,14/09/26,1,"MAR",15,9,2026,15,0,0,3842640608,2,3849367281,57,6726673,37,20080691,43,604,604,2132954,17947737,43,8,596,33246,18,0,17715522,-13354018,06,-13354018,06,0,3849367281,57,0,146553,147028,475,152791,153474,683,0,1724574,0,1723889
16/09/26,15/09/26,1,"MIÉ",16,9,2026,14,0,0,3849367281,57,3855997054,71,6629773,14,19955468,560,560,2178601,17776867,9,551,35634,76,0,17554577,-13325694,86,-13325694,86,0,3855997054,71,0,147028,147482,454,153474,154117,643,0,1723889,0,1723819
17/09/26,16/09/26,1,"JUE",17,9,2026,13,0,0,3855997054,71,3858594021,41,2596966,7,20874941,1,541,541,2521290,54,18353650,56,11,530,38585,84,0,18185801,-18277974,4,-18277974,4,0,3858594021,41,0,147482,147919,437,154117,155416,1299,0,1723819,0,17237242
18/09/26,17/09/26,1,"VIE",18,9,2026,12,0,0,3858594021,41,3867977932,6,9383911,19,8200,3,3,0,8200,0,3,2733,33,0,41355854,9375711,19,0,9375711,19,3867977932,6,0,147919,148446,527,155416,156115,699,0,17237242,0,17236451
21/09/26,18/09/26,3,"LUN",21,9,2026,9,0,1,3867977932,6,3882118026,8,14140094,2,0,0,0,0,0,0,0,,,14140094,2,0,14140094,2,3882118026,8,0,148446,149686,1240,156115,157624,1509,0,17236451,0,17251603
22/09/26,21/09/26,1,"MAR",22,9,2026,8,0,0,3882118026,8,3871386555,06,-10731471,74,0,0,0,0,0,0,0,,,-10731471,74,-10731471,74,0,3871386555,06,0,149686,150169,483,157624,158284,660,0,17251603,0,17227111
23/09/26,22/09/26,1,"MIÉ",23,9,2026,7,0,0,3871386555,06,3884008812,56,12622257,5,0,0,0,0,0,0,0,,,12622257,5,0,12622257,5,3884008812,56,0,150169,150664,495,158284,158951,667,0,17227111,0,17229211


segunda query:
31/08/26	3830483848,85